Generated trajectory:
Group: 9 
ID: 23 
Name: backward_short_x_22 
finalTime: 0.499984  
Cost: 0.500953  
ToFromLabel: x y z vx vy vz 
From: 0.000000 0.000000 2.000000 -2.000000 0.000000 0.000000 
To: -1.000000 0.000000 2.000000 -2.000000 0.000000 0.000000 
Trajectory: 
t        x        y         z        vx       vy       vz       roll     pitch     yaw     thrust 
0.000000 0.000000 0.000000 2.000000 -2.000000 0.000000 0.000000 0.000000 0.000000 0.000000 9.806000
0.099997 -0.199898 0.000000 1.999997 -1.998233 0.000000 -0.000045 0.000000 -0.000930 0.000000 9.806456
0.199994 -0.399717 0.000000 1.999993 -1.998843 0.000000 -0.000025 0.000000 -0.004327 0.000000 9.807138
0.299990 -0.599725 0.000000 1.999993 -2.001426 0.000000 0.000025 0.000000 -0.004169 0.000000 9.807135
0.399987 -0.799910 0.000000 1.999997 -2.001815 0.000000 0.000045 0.000000 -0.000772 0.000000 9.806453
0.499984 -1.000000 0.000000 2.000000 -2.000000 0.000000 0.000000 0.000000 0.000000 0.000000 9.806000
