Generated trajectory:
Group: 9 
ID: 28 
Name: horizontal_diagonal_third_quadrant_22 
finalTime: 0.709186  
Cost: 0.709479  
ToFromLabel: x y z vx vy vz 
From: 0.000000 0.000000 2.000000 -1.410000 -1.410000 0.000000 
To: -1.000000 -1.000000 2.000000 -1.410000 -1.410000 -0.000000 
Trajectory: 
t        x        y         z        vx       vy       vz       roll     pitch     yaw     thrust 
0.000000 0.000000 0.000000 2.000000 -1.410000 -1.410000 0.000000 0.000000 0.000000 0.000000 9.806000
0.118198 -0.166563 -0.166563 1.999996 -1.408466 -1.408467 -0.000057 0.000447 -0.000446 0.000000 9.806341
0.236395 -0.333012 -0.333012 1.999989 -1.408348 -1.408348 -0.000053 0.002312 -0.002314 0.000000 9.806954
0.354593 -0.499570 -0.499570 1.999986 -1.410159 -1.410158 -0.000000 0.003351 -0.003351 0.000000 9.807225
0.472791 -0.666362 -0.666362 1.999989 -1.411862 -1.411862 0.000053 0.002162 -0.002160 0.000000 9.806951
0.590988 -0.833245 -0.833245 1.999996 -1.411567 -1.411567 0.000058 0.000354 -0.000355 0.000000 9.806339
0.709186 -1.000000 -1.000000 2.000000 -1.410000 -1.410000 -0.000000 0.000000 -0.000000 0.000000 9.806000
