Generated trajectory:
Group: 9 
ID: 24 
Name: up_short_z_22 
finalTime: 0.500000  
Cost: 0.500003  
ToFromLabel: x y z vx vy vz 
From: 0.000000 0.000000 2.000000 0.000000 0.000000 2.000000 
To: 0.000000 0.000000 3.000000 0.000000 0.000000 2.000000 
Trajectory: 
t        x        y         z        vx       vy       vz       roll     pitch     yaw     thrust 
0.000000 0.000000 0.000000 2.000000 0.000000 0.000000 2.000000 0.000000 0.000000 0.000000 9.806000
0.100000 0.000000 0.000000 2.199997 0.000000 0.000000 1.999954 0.000000 0.000000 0.000000 9.806433
0.200000 0.000000 0.000000 2.399993 0.000000 0.000000 1.999974 0.000000 0.000000 0.000000 9.807075
0.300000 0.000000 0.000000 2.599993 0.000000 0.000000 2.000028 0.000000 0.000000 0.000000 9.807067
0.400000 0.000000 0.000000 2.799997 0.000000 0.000000 2.000046 0.000000 0.000000 0.000000 9.806425
0.500000 0.000000 0.000000 3.000000 0.000000 0.000000 2.000000 0.000000 0.000000 0.000000 9.806000
