48
 
0
vertical_fwd_x_up_z_000_101
2.3
0.0 0.0 2.0 0.0 0.0 0.0 
1.0 0.0 3.0 0.7071 0.0 0.7071

1
vertical_fwd_x_up_z_101_000
2.3
0.0 0.0 2.0 0.7071 0.0 0.7071 
1.0 0.0 3.0 0.0 0.0 0.0

2
vertical_fwd_x_up_z_101_101
1.4
0.0 0.0 2.0 0.7071 0.0 0.7071 
1.0 0.0 3.0 0.7071 0.0 0.7071

3
vertical_fwd_x_down_z_000_10-1
2.3
0.0 0.0 2.0 0.0 0.0 0.0 
1.0 0.0 1.0 0.7071 0.0 -0.7071

4
vertical_fwd_x_down_z_10-1_000
2.3
0.0 0.0 2.0 0.7071 0.0 -0.7071 
1.0 0.0 1.0 0.0 0.0 0.0

5
vertical_fwd_x_down_z_10-1_10-1
1.4
0.0 0.0 2.0 0.7071 0.0 -0.7071 
1.0 0.0 1.0 0.7071 0.0 -0.7071

6
vertical_fwd_y_up_z_000_011
2.3
0.0 0.0 2.0 0.0 0.0 0.0 
0.0 1.0 3.0 0.0 0.7071 0.7071

7
vertical_fwd_y_up_z_011_000
2.3
0.0 0.0 2.0 0.0 0.7071 0.7071 
0.0 1.0 3.0 0.0 0.0 0.0

8
vertical_fwd_y_up_z_011_011
1.4
0.0 0.0 2.0 0.0 0.7071 0.7071 
0.0 1.0 3.0 0.0 0.7071 0.7071

9
vertical_fwd_y_down_z_000_01-1
2.3
0.0 0.0 2.0 0.0 0.0 0.0 
0.0 1.0 1.0 0.0 0.7071 -0.7071

10
vertical_fwd_y_down_z_01-1_000
1.3
0.0 0.0 2.0 0.0 0.7071 -0.7071 
0.0 1.0 1.0 0.0 0.0 0.0

11
vertical_fwd_y_down_z_01-1_01-1
1.4
0.0 0.0 2.0 0.0 0.7071 -0.7071 
0.0 1.0 1.0 0.0 0.7071 -0.7071

12
vertical_rev_x_up_z_000_-101
2.3
0.0 0.0 2.0 0.0 0.0 0.0 
-1.0 0.0 3.0 -0.7071 0.0 0.7071

13
vertical_rev_x_up_z_-101_000
2.3
0.0 0.0 2.0 -0.7071 0.0 0.7071 
-1.0 0.0 3.0 0.0 0.0 0.0

14
vertical_rev_x_up_z_-101_-101
1.4
0.0 0.0 2.0 -0.7071 0.0 0.7071 
-1.0 0.0 3.0 -0.7071 0.0 0.7071

15
vertical_rev_x_down_z_000_-10-1
2.3
0.0 0.0 2.0 0.0 0.0 0.0 
-1.0 0.0 1.0 -0.7071 0.0 -0.7071

16
vertical_rev_x_down_z_-10-1_000
2.3
0.0 0.0 2.0 -0.7071 0.0 -0.7071 
-1.0 0.0 1.0 0.0 0.0 0.0

17
vertical_rev_x_down_z_-10-1_-10-1
1.4
0.0 0.0 2.0 -0.7071 0.0 -0.7071 
-1.0 0.0 1.0 -0.7071 0.0 -0.7071

18
vertical_rev_y_up_z_000_0-11
2.3
0.0 0.0 2.0 0.0 0.0 0.0 
0.0 -1.0 3.0 0.0 -0.7071 0.7071

19
vertical_rev_y_up_z_0-11_000
2.3
0.0 0.0 2.0 0.0 -0.7071 0.7071 
0.0 -1.0 3.0 0.0 0.0 0.0

20
vertical_rev_y_up_z_0-11_0-11
1.4
0.0 0.0 2.0 0.0 -0.7071 0.7071 
0.0 -1.0 3.0 0.0 -0.7071 0.7071

21
vertical_rev_y_down_z_000_0-1-1
2.3
0.0 0.0 2.0 0.0 0.0 0.0 
0.0 -1.0 1.0 0.0 -0.7071 -0.7071

22
vertical_rev_y_down_z_0-1-1_000
2.3
0.0 0.0 2.0 0.0 -0.7071 -0.7071 
0.0 -1.0 1.0 0.0 0.0 0.0

23
vertical_rev_y_down_z_0-1-1_0-1-1
1.4
0.0 0.0 2.0 0.0 -0.7071 -0.7071 
0.0 -1.0 1.0 0.0 -0.7071 -0.7071

24
vertical_fwd_x_fwd_y_up_z_000_111
2.4
0.0 0.0 2.0 0.0 0.0 0.0 
1.0 1.0 3.0 0.5774 0.5774 0.5774

25
vertical_fwd_x_fwd_y_up_z_111_000
2.4
0.0 0.0 2.0 0.5774 0.5774 0.5774 
1.0 1.0 3.0 0.0 0.0 0.0

26
vertical_fwd_x_fwd_y_up_z_111_111
1.7
0.0 0.0 2.0 0.5774 0.5774 0.5774 
1.0 1.0 3.0 0.5774 0.5774 0.5774

27
vertical_fwd_x_fwd_y_down_z_000_11-1
2.4
0.0 0.0 2.0 0.0 0.0 0.0 
1.0 1.0 1.0 0.5774 0.5774 -0.5774

28
vertical_fwd_x_fwd_y_down_z_11-1_000
2.4
0.0 0.0 2.0 0.5774 0.5774 -0.5774 
1.0 1.0 1.0 0.0 0.0 0.0

29
vertical_fwd_x_fwd_y_down_z_11-1_11-1
1.7
0.0 0.0 2.0 0.5774 0.5774 -0.5774 
1.0 1.0 1.0 0.5774 0.5774 -0.5774

30
vertical_fwd_x_rev_y_up_z_000_1-11
2.4
0.0 0.0 2.0 0.0 0.0 0.0 
1.0 -1.0 3.0 0.5774 -0.5774 0.5774

31
vertical_fwd_x_rev_y_up_z_1-11_000
2.4
0.0 0.0 2.0 0.5774 -0.5774 0.5774 
1.0 -1.0 3.0 0.0 0.0 0.0

32
vertical_fwd_x_rev_y_up_z_1-11_1-11
1.7
0.0 0.0 2.0 0.5774 -0.5774 0.5774 
1.0 -1.0 3.0 0.5774 -0.5774 0.5774

33
vertical_fwd_x_rev_y_down_z_000_1-1-1
2.4
0.0 0.0 2.0 0.0 0.0 0.0 
1.0 -1.0 1.0 0.5774 -0.5774 -0.5774

34
vertical_fwd_x_rev_y_down_z_1-1-1_000
2.4
0.0 0.0 2.0 0.5774 -0.5774 -0.5774 
1.0 -1.0 1.0 0.0 0.0 0.0

35
vertical_fwd_x_rev_y_down_z_1-1-1_1-1-1
1.7
0.0 0.0 2.0 0.5774 -0.5774 -0.5774 
1.0 -1.0 1.0 0.5774 -0.5774 -0.5774

36
vertical_rev_x_fwd_y_up_z_000_-111
2.4
0.0 0.0 2.0 0.0 0.0 0.0 
-1.0 1.0 3.0 -0.5774 0.5774 0.5774

37
vertical_rev_x_fwd_y_up_z_-111_000
2.4
0.0 0.0 2.0 -0.5774 0.5774 0.5774 
-1.0 1.0 3.0 0.0 0.0 0.0

38
vertical_rev_x_fwd_y_up_z_-111_-111
1.7
0.0 0.0 2.0 -0.5774 0.5774 0.5774 
-1.0 1.0 3.0 -0.5774 0.5774 0.5774

39
vertical_rev_x_fwd_y_down_z_000_-11-1
2.4
0.0 0.0 2.0 0.0 0.0 0.0 
-1.0 1.0 1.0 -0.5774 0.5774 -0.5774

40
vertical_rev_x_fwd_y_down_z_-11-1_000
2.4
0.0 0.0 2.0 -0.5774 0.5774 -0.5774 
-1.0 1.0 1.0 0.0 0.0 0.0

41
vertical_rev_x_fwd_y_down_z_-11-1_-11-1
1.7
0.0 0.0 2.0 -0.5774 0.5774 -0.5774 
-1.0 1.0 1.0 -0.5774 0.5774 -0.5774

42
vertical_rev_x_rev_y_up_z_000_-1-11
2.4
0.0 0.0 2.0 0.0 0.0 0.0 
-1.0 -1.0 3.0 -0.5774 -0.5774 0.5774

43
vertical_rev_x_rev_y_up_z_-1-11_000
2.4
0.0 0.0 2.0 -0.5774 -0.5774 0.5774 
-1.0 -1.0 3.0 0.0 0.0 0.0

44
vertical_rev_x_rev_y_up_z_-1-11_-1-11
1.7
0.0 0.0 2.0 -0.5774 -0.5774 0.5774 
-1.0 -1.0 3.0 -0.5774 -0.5774 0.5774

45
vertical_rev_x_rev_y_down_z_000_-1-1-1
2.4
0.0 0.0 2.0 0.0 0.0 0.0 
-1.0 -1.0 1.0 -0.5774 -0.5774 -0.5774

46
vertical_rev_x_rev_y_down_z_-1-1-1_000
2.4
0.0 0.0 2.0 -0.5774 -0.5774 -0.5774 
-1.0 -1.0 1.0 0.0 0.0 0.0

47
vertical_rev_x_rev_y_down_z_-1-1-1_-1-1-1
1.7
0.0 0.0 2.0 -0.5774 -0.5774 -0.5774 
-1.0 -1.0 1.0 -0.5774 -0.5774 -0.5774
