30
 
0
forward_short_x_01
1.5
0.0 0.0 2.0 0.0 0.0 0.0 
1.0 0.0 2.0 1.0 0.0 0.0

1
forward_short_y_01
1.5
0.0 0.0 2.0 0.0 0.0 0.0 
0.0 1.0 2.0 0.0 1.0 0.0

2
backward_short_y_01
1.5
0.0 0.0 2.0 0.0 0.0 0.0 
0.0 -1.0 2.0 0.0 -1.0 0.0

3
backward_short_x_01
1.9
0.0 0.0 2.0 0.0 0.0 0.0 
-1.0 0.0 2.0 -1.0 0.0 0.0

4
up_short_z_01
1.9
0.0 0.0 2.0 0.0 0.0 0.0 
0.0 0.0 3.0 0.0 0.0 1.0

5
down_short_z_01
1.9
0.0 0.0 2.0 0.0 0.0 0.0 
0.0 0.0 1.0 0.0 0.0 -1.0

6
horizontal_diagonal_first_quadrant_01
1.8
0.0 0.0 2.0 0.0 0.0 0.0 
1.0 1.0 2.0 0.7071 0.7071 0.0

7
horizontal_diagonal_second_quadrant_01
1.8
0.0 0.0 2.0 0.0 0.0 0.0 
-1.0 1.0 2.0 -0.7071 0.7071 0.0

8
horizontal_diagonal_third_quadrant_01
1.8
0.0 0.0 2.0 0.0 0.0 0.0 
-1.0 -1.0 2.0 -0.7071 -0.7071 0.0

9
horizontal_diagonal_forth_quadrant_01
1.8
0.0 0.0 2.0 0.0 0.0 0.0 
1.0 -1.0 2.0 0.7071 -0.7071 0.0
 
10
forward_short_x_10
1.5
0.0 0.0 2.0 1.0 0.0 0.0 
1.0 0.0 2.0 0.0 0.0 0.0

11
forward_short_y_10
1.5
0.0 0.0 2.0 0.0 1.0 0.0 
0.0 1.0 2.0 0.0 0.0 0.0

12
backward_short_y_10
1.5
0.0 0.0 2.0 0.0 -1.0 0.0 
0.0 -1.0 2.0 0.0 0.0 0.0

13
backward_short_x_10
1.5
0.0 0.0 2.0 -1.0 0.0 0.0 
-1.0 0.0 2.0 0.0 0.0 0.0

14
up_short_z_10
1.9
0.0 0.0 2.0 0.0 0.0 1.0
0.0 0.0 3.0 0.0 0.0 0.0

15
down_short_z_10
1.9
0.0 0.0 2.0 0.0 0.0 -1.0 
0.0 0.0 1.0 0.0 0.0 0.0

16
horizontal_diagonal_first_quadrant_10
1.8
0.0 0.0 2.0 0.7071 0.7071 0.0 
1.0 1.0 2.0 0.0 0.0 0.0

17
horizontal_diagonal_second_quadrant_10
1.8
0.0 0.0 2.0 -0.7071 0.7071 0.0 
-1.0 1.0 2.0 0.0 0.0 0.0

18
horizontal_diagonal_third_quadrant_10
1.8
0.0 0.0 2.0 -0.7071 -0.7071 0.0 
-1.0 -1.0 2.0 0.0 0.0 0.0

19
horizontal_diagonal_forth_quadrant_10
1.8
0.0 0.0 2.0 0.7071 -0.7071 0.0 
1.0 -1.0 2.0 0.0 0.0 0.0

20
forward_short_x_11
1.0
0.0 0.0 2.0 1.0 0.0 0.0 
1.0 0.0 2.0 1.0 0.0 0.0

21
forward_short_y_11
1.0
0.0 0.0 2.0 0.0 1.0 0.0 
0.0 1.0 2.0 0.0 1.0 0.0

22
backward_short_y_11
1.0
0.0 0.0 2.0 0.0 -1.0 0.0 
0.0 -1.0 2.0 0.0 -1.0 0.0

23
backward_short_x_11
1.0
0.0 0.0 2.0 -1.0 0.0 0.0 
-1.0 0.0 2.0 -1.0 0.0 0.0

24
up_short_z_11
1.0
0.0 0.0 2.0 0.0 0.0 1.0 
0.0 0.0 3.0 0.0 0.0 1.0

25
down_short_z_11
1.0
0.0 0.0 2.0 0.0 0.0 -1.0 
0.0 0.0 1.0 0.0 0.0 -1.0

26
horizontal_diagonal_first_quadrant_11
1.3
0.0 0.0 2.0 0.7071 0.7071 0.0 
1.0 1.0 2.0 0.7071 0.7071 0.0

27
horizontal_diagonal_second_quadrant_11
1.3
0.0 0.0 2.0 -0.7071 0.7071 0.0 
-1.0 1.0 2.0 -0.7071 0.7071 0.0

28
horizontal_diagonal_third_quadrant_11
1.3
0.0 0.0 2.0 -0.7071 -0.7071 0.0 
-1.0 -1.0 2.0 -0.7071 -0.7071 0.0

29
horizontal_diagonal_forth_quadrant_11
1.3
0.0 0.0 2.0 0.7071 -0.7071 0.0 
1.0 -1.0 2.0 0.7071 -0.7071 0.0
