30
  
0
forward_short_x_25
1.5
0.0 0.0 2.0 2.0 0.0 0.0 
5.0 0.0 2.0 5.0 0.0 0.0

1
forward_short_y_25
1.5
0.0 0.0 2.0 0.0 2.0 0.0 
0.0 5.0 2.0 0.0 5.0 0.0

2
backward_short_y_25
1.5
0.0 0.0 2.0 0.0 -2.0 0.0 
0.0 -5.0 2.0 0.0 -5.0 0.0

3
backward_short_x_25
1.5
0.0 0.0 2.0 -2.0 0.0 0.0 
-5.0 0.0 2.0 -5.0 0.0 0.0

4
up_short_z_25
1.5
0.0 0.0 2.0 0.0 0.0 2.0 
0.0 0.0 7.0 0.0 0.0 5.0

5
down_short_z_25
1.5
0.0 0.0 6.0 0.0 0.0 -2.0 
0.0 0.0 1.0 0.0 0.0 -5.0

6
horizontal_diagonal_first_quadrant_25
1.6
0.0 0.0 2.0 1.41 1.41 0.0 
3.0 3.0 2.0 2.23 2.23 0.0

7
horizontal_diagonal_second_quadrant_25
1.6
0.0 0.0 2.0 -1.41 1.41 0.0 
-3.0 3.0 2.0 -2.23 2.23 0.0

8
horizontal_diagonal_third_quadrant_25
1.6
0.0 0.0 2.0 -1.41 -1.41 0.0 
-3.0 -3.0 2.0 -2.23 -2.23 0.0

9
horizontal_diagonal_forth_quadrant_25
1.6
0.0 0.0 2.0 1.41 -1.41 0.0 
3.0 -3.0 2.0 2.23 -2.23 0.0
 
10
forward_short_x_52
1.5
0.0 0.0 2.0 5.0 0.0 0.0 
5.0 0.0 2.0 2.0 0.0 0.0

11
forward_short_y_52
1.5
0.0 0.0 2.0 0.0 5.0 0.0 
0.0 5.0 2.0 0.0 2.0 0.0

12
backward_short_y_52
1.5
0.0 0.0 2.0 0.0 -5.0 0.0 
0.0 -5.0 2.0 0.0 -2.0 0.0

13
backward_short_x_52
1.5
0.0 0.0 2.0 -5.0 0.0 0.0 
-5.0 0.0 2.0 -2.0 0.0 0.0

14
up_short_z_52
1.5
0.0 0.0 2.0 0.0 0.0 5.0
0.0 0.0 7.0 0.0 0.0 2.0

15
down_short_z_52
1.5
0.0 0.0 6.0 0.0 0.0 -5.0 
0.0 0.0 1.0 0.0 0.0 -2.0

16
horizontal_diagonal_first_quadrant_52
1.6
0.0 0.0 2.0 2.23 2.23 0.0 
3.0 3.0 2.0 1.41 1.41 0.0

17
horizontal_diagonal_second_quadrant_52
1.6
0.0 0.0 2.0 -2.23 2.23 0.0 
-3.0 3.0 2.0 -1.41 1.41 0.0

18
horizontal_diagonal_third_quadrant_52
1.6
0.0 0.0 2.0 -2.23 -2.23 0.0 
-3.0 -3.0 2.0 -1.41 -1.41 0.0

19
horizontal_diagonal_forth_quadrant_52
1.6
0.0 0.0 2.0 2.23 -2.23 0.0 
3.0 -3.0 2.0 1.41 -1.41 0.0

20
forward_short_x_55
1.0
0.0 0.0 2.0 5.0 0.0 0.0 
5.0 0.0 2.0 5.0 0.0 0.0

21
forward_short_y_55
1.0
0.0 0.0 2.0 0.0 5.0 0.0 
0.0 5.0 2.0 0.0 5.0 0.0

22
backward_short_y_55
1.0
0.0 0.0 2.0 0.0 -5.0 0.0 
0.0 -5.0 2.0 0.0 -5.0 0.0

23
backward_short_x_55
1.0
0.0 0.0 2.0 -5.0 0.0 0.0 
-5.0 0.0 2.0 -5.0 0.0 0.0

24
up_short_z_55
1.0
0.0 0.0 2.0 0.0 0.0 5.0 
0.0 0.0 7.0 0.0 0.0 5.0

25
down_short_z_55
1.0
0.0 0.0 6.0 0.0 0.0 -5.0 
0.0 0.0 1.0 0.0 0.0 -5.0

26
horizontal_diagonal_first_quadrant_55
1.4
0.0 0.0 2.0 2.23 2.23 0.0 
3.0 3.0 2.0 2.23 2.23 0.0

27
horizontal_diagonal_second_quadrant_55
1.4
0.0 0.0 2.0 -2.23 2.23 0.0 
-3.0 3.0 2.0 -2.23 2.23 0.0

28
horizontal_diagonal_third_quadrant_55
1.4
0.0 0.0 2.0 -2.23 -2.23 0.0 
-3.0 -3.0 2.0 -2.23 -2.23 0.0

29
horizontal_diagonal_forth_quadrant_55
1.4
0.0 0.0 2.0 2.23 -2.23 0.0 
3.0 -3.0 2.0 2.23 -2.23 0.0
