16
 
0
vertical_fwd_x_up_z
3.1
0.0 0.0 2.0 0.0 0.0 0.0 
1.0 0.0 3.0 0.0 0.0 0.0

1
vertical_fwd_x_down_z
3.1
0.0 0.0 2.0 0.0 0.0 0.0 
1.0 0.0 1.0 0.0 0.0 0.0

2
vertical_fwd_y_up_z
3.1
0.0 0.0 2.0 0.0 0.0 0.0 
0.0 1.0 3.0 0.0 0.0 0.0

3
vertical_fwd_y_down_z
3.1
0.0 0.0 2.0 0.0 0.0 0.0 
0.0 1.0 1.0 0.0 0.0 0.0

4
vertical_rev_x_up_z
3.1
0.0 0.0 2.0 0.0 0.0 0.0 
-1.0 0.0 3.0 0.0 0.0 0.0

5
vertical_rev_x_down_z
3.1
0.0 0.0 2.0 0.0 0.0 0.0 
-1.0 0.0 1.0 0.0 0.0 0.0

6
vertical_rev_y_up_z
3.1
0.0 0.0 2.0 0.0 0.0 0.0 
0.0 -1.0 3.0 0.0 0.0 0.0

7
vertical_rev_y_down_z
3.1
0.0 0.0 2.0 0.0 0.0 0.0 
0.0 -1.0 1.0 0.0 0.0 0.0

8
vertical_fwd_x_fwd_y_up_z
3.1
0.0 0.0 2.0 0.0 0.0 0.0 
1.0 1.0 3.0 0.0 0.0 0.0

9
vertical_fwd_x_fwd_y_down_z
3.1
0.0 0.0 2.0 0.0 0.0 0.0 
1.0 1.0 1.0 0.0 0.0 0.0

10
vertical_fwd_x_rev_y_up_z
3.1
0.0 0.0 2.0 0.0 0.0 0.0 
1.0 -1.0 3.0 0.0 0.0 0.0

11
vertical_fwd_x_rev_y_down_z
3.1
0.0 0.0 2.0 0.0 0.0 0.0 
1.0 -1.0 1.0 0.0 0.0 0.0

12
vertical_rev_x_fwd_y_up_z
3.1
0.0 0.0 2.0 0.0 0.0 0.0 
-1.0 1.0 3.0 0.0 0.0 0.0

13
vertical_rev_x_fwd_y_down_z
3.1
0.0 0.0 2.0 0.0 0.0 0.0 
-1.0 1.0 1.0 0.0 0.0 0.0

14
vertical_rev_x_rev_y_up_z
3.1
0.0 0.0 2.0 0.0 0.0 0.0 
-1.0 -1.0 3.0 0.0 0.0 0.0

15
vertical_rev_x_rev_y_down_z
3.1
0.0 0.0 2.0 0.0 0.0 0.0 
-1.0 -1.0 1.0 0.0 0.0 0.0
