20
 
0
forward_short_x_05
1.6
0.0 0.0 2.0 0.0 0.0 0.0 
0.5 0.0 2.0 0.0 0.0 0.0

1
forward_short_y_05
1.6
0.0 0.0 2.0 0.0 0.0 0.0 
0.0 0.5 2.0 0.0 0.0 0.0

2
backward_short_y_05
1.6
0.0 0.0 2.0 0.0 0.0 0.0 
0.0 -0.5 2.0 0.0 0.0 0.0

3
backward_short_x_05
1.6
0.0 0.0 2.0 0.0 0.0 0.0 
-0.5 0.0 2.0 0.0 0.0 0.0

4
up_short_z_05
2.4
0.0 0.0 2.0 0.0 0.0 0.0 
0.0 0.0 2.5 0.0 0.0 0.0

5
down_short_z_05
2.4
0.0 0.0 2.0 0.0 0.0 0.0 
0.0 0.0 1.5 0.0 0.0 0.0

6
horizontal_diagonal_first_quadrant_05
1.8
0.0 0.0 2.0 0.0 0.0 0.0 
0.5 0.5 2.0 0.0 0.0 0.0

7
horizontal_diagonal_second_quadrant_05
1.8
0.0 0.0 2.0 0.0 0.0 0.0 
-0.5 0.5 2.0 0.0 0.0 0.0

8
horizontal_diagonal_third_quadrant_05
1.8
0.0 0.0 2.0 0.0 0.0 0.0 
-0.5 -0.5 2.0 0.0 0.0 0.0

9
horizontal_diagonal_forth_quadrant_05
1.8
0.0 0.0 2.0 0.0 0.0 0.0 
0.5 -0.5 2.0 0.0 0.0 0.0

10
forward_short_x_0_25
1.4
0.0 0.0 2.0 0.0 0.0 0.0 
0.25 0.0 2.0 0.0 0.0 0.0

11
forward_short_y_025
1.4
0.0 0.0 2.0 0.0 0.0 0.0 
0.0 0.25 2.0 0.0 0.0 0.0

12
backward_short_y_025
1.4
0.0 0.0 2.0 0.0 0.0 0.0 
0.0 -0.25 2.0 0.0 0.0 0.0

13
backward_short_x_025
1.4
0.0 0.0 2.0 0.0 0.0 0.0 
-0.25 0.0 2.0 0.0 0.0 0.0

14
up_short_z_025
1.8
0.0 0.0 2.0 0.0 0.0 0.0 
0.0 0.0 2.25 0.0 0.0 0.0

15
down_short_z_025
1.8
0.0 0.0 2.0 0.0 0.0 0.0 
0.0 0.0 1.75 0.0 0.0 0.0

16
horizontal_diagonal_first_quadrant_025
1.5
0.0 0.0 2.0 0.0 0.0 0.0 
0.25 0.25 2.0 0.0 0.0 0.0

17
horizontal_diagonal_second_quadrant_025
1.5
0.0 0.0 2.0 0.0 0.0 0.0 
-0.25 0.25 2.0 0.0 0.0 0.0

18
horizontal_diagonal_third_quadrant_025
1.5
0.0 0.0 2.0 0.0 0.0 0.0 
-0.25 -0.25 2.0 0.0 0.0 0.0

19
horizontal_diagonal_forth_quadrant_025
1.5
0.0 0.0 2.0 0.0 0.0 0.0 
0.25 -0.25 2.0 0.0 0.0 0.0
