32
 
0
smooth_fwdxfwdy_right
1.3
0.0 0.0 2.0 0.7071 0.7071 0.0 
1.0 0.0 2.0 0.7071 -0.7071 0.0

1
smooth_fwdxfwdy_left
1.3
0.0 0.0 2.0 0.7071 0.7071 0.0 
0.0 1.0 2.0 -0.7071 0.7071 0.0

2
smooth_fwdxrevy_right
1.3
0.0 0.0 2.0 0.7071 -0.7071 0.0 
0.0 -1.0 2.0 -0.7071 -0.7071 0.0

3
smooth_fwdxrevy_left
1.3
0.0 0.0 2.0 0.7071 -0.7071 0.0 
1.0 0.0 2.0 0.7071 0.7071 0.0

4
smooth_revxrevy_left
1.3
0.0 0.0 2.0 -0.7071 -0.7071 0.0 
0.0 -1.0 2.0 0.7071 -0.7071 0.0

5
smooth_revxrevy_right
1.3
0.0 0.0 2.0 -0.7071 -0.7071 0.0 
-1.0 0.0 2.0 -0.7071 0.7071 0.0

6
smooth_revxfwdy_left
1.3
0.0 0.0 2.0 -0.7071 0.7071 0.0 
-1.0 0.0 2.0 -0.7071 -0.7071 0.0

7
smooth_revxfwdy_right
1.3
0.0 0.0 2.0 -0.7071 0.7071 0.0 
0.0 1.0 2.0 0.7071 0.7071 0.0

8
smooth_fwdxfwdy_upz
2.0
0.0 0.0 2.0 0.7071 0.7071 0.0 
1.0 1.0 3.0 0.0 0.0 1.0

9
smooth_fwdxfwdy_downz
2.0
0.0 0.0 2.0 0.7071 0.7071 0.0 
1.0 1.0 1.0 0.0 0.0 -1.0

10
smooth_fwdxrevy_upz
2.0
0.0 0.0 2.0 0.7071 -0.7071 0.0 
1.0 -1.0 3.0 0.0 0.0 1.0

11
smooth_fwdxrevy_downz
2.0
0.0 0.0 2.0 0.7071 -0.7071 0.0 
1.0 -1.0 1.0 0.0 0.0 -1.0

12
smooth_revxrevy_upz
2.0
0.0 0.0 2.0 -0.7071 -0.7071 0.0 
-1.0 -1.0 3.0 0.0 0.0 1.0

13
smooth_revxrevy_downz
2.0
0.0 0.0 2.0 -0.7071 -0.7071 0.0 
-1.0 -1.0 1.0 0.0 0.0 -1.0

14
smooth_revxfwdy_upz
2.0
0.0 0.0 2.0 -0.7071 0.7071 0.0 
-1.0 1.0 3.0 0.0 0.0 1.0

15
smooth_revxfwdy_downz
2.0
0.0 0.0 2.0 -0.7071 0.7071 0.0 
-1.0 1.0 1.0 0.0 0.0 -1.0
 
16
forward_smooth_straightx_right
1.6
0.0 0.0 2.0 1.0 0.0 0.0 
1.0 1.0 2.0 0.0 1.0 0.0

17
forward_smooth_straightx_left
1.6
0.0 0.0 2.0 1.0 0.0 0.0 
1.0 -1.0 2.0 0.0 -1.0 0.0

18
rev_smooth_straightx_right
1.6
0.0 0.0 2.0 -1.0 0.0 0.0 
-1.0 1.0 2.0 0.0 1.0 0.0

19
rev_smooth_straightx_left
1.6
0.0 0.0 2.0 -1.0 0.0 0.0 
-1.0 -1.0 2.0 0.0 -1.0 0.0

20
forward_smooth_straighty_right
1.6
0.0 0.0 2.0 0.0 1.0 0.0 
1.0 1.0 2.0 1.0 0.0 0.0

21
forward_smooth_straighty_left
1.6
0.0 0.0 2.0 0.0 1.0 0.0 
-1.0 1.0 2.0 -1.0 0.0 0.0

22
rev_smooth_straighty_right
1.6
0.0 0.0 2.0 0.0 -1.0 0.0 
1.0 -1.0 2.0 1.0 0.0 0.0

23
rev_smooth_straighty_left
1.6
0.0 0.0 2.0 0.0 -1.0 0.0 
-1.0 -1.0 2.0 -1.0 0.0 0.0

24
fwd_smooth_straightx_upz
1.9
0.0 0.0 2.0 1.0 0.0 0.0 
1.0 0.0 3.0 0.0 0.0 1.0

25
fwd_smooth_straightx_downz
1.9
0.0 0.0 2.0 1.0 0.0 0.0 
1.0 0.0 1.0 0.0 0.0 -1.0

26
rev_smooth_straightx_upz
1.9
0.0 0.0 2.0 -1.0 0.0 0.0 
-1.0 0.0 3.0 0.0 0.0 1.0

27
rev_smooth_straightx_downz
1.9
0.0 0.0 2.0 -1.0 0.0 0.0 
-1.0 0.0 1.0 0.0 0.0 -1.0

28
fwd_smooth_straighty_upz
1.9
0.0 0.0 2.0 0.0 1.0 0.0 
0.0 1.0 3.0 0.0 0.0 1.0

29
fwd_smooth_straighty_downz
1.9
0.0 0.0 2.0 0.0 1.0 0.0 
0.0 1.0 1.0 0.0 0.0 -1.0

30
rev_smooth_straighty_upz
1.9
0.0 0.0 2.0 0.0 -1.0 0.0 
0.0 -1.0 3.0 0.0 0.0 1.0

31
rev_smooth_straighty_downz
1.9
0.0 0.0 2.0 0.0 -1.0 0.0 
0.0 -1.0 1.0 0.0 0.0 -1.0
