Generated trajectory:
Group: 9 
ID: 22 
Name: backward_short_y_22 
finalTime: 0.499983  
Cost: 0.500854  
ToFromLabel: x y z vx vy vz 
From: 0.000000 0.000000 2.000000 0.000000 -2.000000 0.000000 
To: 0.000000 -1.000000 2.000000 0.000000 -2.000000 0.000000 
Trajectory: 
t        x        y         z        vx       vy       vz       roll     pitch     yaw     thrust 
0.000000 0.000000 0.000000 2.000000 0.000000 -2.000000 0.000000 0.000000 0.000000 0.000000 9.806000
0.099997 0.000000 -0.199898 1.999997 0.000000 -1.998234 -0.000045 0.000934 0.000000 0.000000 9.806456
0.199993 0.000000 -0.399717 1.999993 0.000000 -1.998851 -0.000025 0.004331 0.000000 0.000000 9.807138
0.299990 0.000000 -0.599725 1.999993 0.000000 -2.001433 0.000025 0.004165 0.000000 0.000000 9.807135
0.399987 0.000000 -0.799910 1.999997 0.000000 -2.001817 0.000045 0.000767 0.000000 0.000000 9.806453
0.499983 0.000000 -1.000000 2.000000 0.000000 -2.000000 0.000000 -0.000000 0.000000 0.000000 9.806000
