16
 
0
smooth_up_fwdx
1.9
0.0 0.0 2.0 0.0 0.0 1.0 
1.0 0.0 3.0 1.0 0.0 0.0

1
smooth_up_fwdy
1.9
0.0 0.0 2.0 0.0 0.0 1.0 
0.0 1.0 3.0 0.0 1.0 0.0
 
2
smooth_up_revx
1.9
0.0 0.0 2.0 0.0 0.0 1.0 
-1.0 0.0 3.0 -1.0 0.0 0.0

3
smooth_up_revy
1.9
0.0 0.0 2.0 0.0 0.0 1.0 
0.0 -1.0 3.0 0.0 -1.0 0.0

4
smooth_up_fwdxfwdy
2.0
0.0 0.0 2.0 0.0 0.0 1.0 
1.0 1.0 3.0 0.7071 0.7071 0.0

5
smooth_up_fwdxrevy
2.0
0.0 0.0 2.0 0.0 0.0 1.0 
1.0 -1.0 3.0 0.7071 -0.7071 0.0
 
6
smooth_up_revxfwdy
2.0
0.0 0.0 2.0 0.0 0.0 1.0 
-1.0 1.0 3.0 -0.7071 0.7071 0.0

7
smooth_up_revxrevy
2.0
0.0 0.0 2.0 0.0 0.0 1.0 
-1.0 -1.0 3.0 -0.7071 -0.7071 0.0

8
smooth_down_fwdx
2.0
0.0 0.0 2.0 0.0 0.0 -1.0 
1.0 0.0 1.0 1.0 0.0 0.0

9
smooth_down_fwdy
2.0
0.0 0.0 2.0 0.0 0.0 -1.0 
0.0 1.0 1.0 0.0 1.0 0.0
 
10
smooth_down_revx
2.0
0.0 0.0 2.0 0.0 0.0 -1.0 
-1.0 0.0 1.0 -1.0 0.0 0.0

11
smooth_down_revy
2.0
0.0 0.0 2.0 0.0 0.0 -1.0 
0.0 -1.0 1.0 0.0 -1.0 0.0

12
smooth_down_fwdxfwdy
2.0
0.0 0.0 2.0 0.0 0.0 -1.0 
1.0 1.0 1.0 0.7071 0.7071 0.0

13
smooth_down_fwdxrevy
2.0
0.0 0.0 2.0 0.0 0.0 -1.0 
1.0 -1.0 1.0 0.7071 -0.7071 0.0
 
14
smooth_up_revxfwdy
2.0
0.0 0.0 2.0 0.0 0.0 -1.0 
-1.0 1.0 1.0 -0.7071 0.7071 0.0

15
smooth_up_revxrevy
2.0
0.0 0.0 2.0 0.0 0.0 -1.0 
-1.0 -1.0 1.0 -0.7071 -0.7071 0.0
