32
 
0
smooth_fwdxfwdy_right_2
1.4
0.0 0.0 2.0 1.4142 1.4142 0.0 
2.0 0.0 2.0 1.4142 -1.4142 0.0

1
smooth_fwdxfwdy_left_2
1.4
0.0 0.0 2.0 1.4142 1.4142 0.0 
0.0 2.0 2.0 -1.4142 1.4142 0.0

2
smooth_fwdxrevy_right_2
1.4
0.0 0.0 2.0 1.4142 -1.4142 0.0 
0.0 -2.0 2.0 -1.4142 -1.4142 0.0

3
smooth_fwdxrevy_left_2
1.4
0.0 0.0 2.0 1.4142 -1.4142 0.0 
2.0 0.0 2.0 1.4142 1.4142 0.0

4
smooth_revxrevy_left_2
1.4
0.0 0.0 2.0 -1.4142 -1.4142 0.0 
0.0 -2.0 2.0 1.4142 -1.4142 0.0

5
smooth_revxrevy_right_2
1.4
0.0 0.0 2.0 -1.4142 -1.4142 0.0 
-2.0 0.0 2.0 -1.4142 1.4142 0.0

6
smooth_revxfwdy_left_2
1.4
0.0 0.0 2.0 -1.4142 1.4142 0.0 
-2.0 0.0 2.0 -1.4142 -1.4142 0.0

7
smooth_revxfwdy_right_2
1.4
0.0 0.0 2.0 -1.4142 1.4142 0.0 
0.0 2.0 2.0 1.4142 1.4142 0.0

8
smooth_fwdxfwdy_upz_2
2.2
0.0 0.0 2.0 1.4142 1.4142 0.0 
2.0 2.0 4.0 0.0 0.0 2.0

9
smooth_fwdxfwdy_downz_2
2.2
0.0 0.0 2.0 1.4142 1.4142 0.0 
2.0 2.0 0.0 0.0 0.0 -2.0

10
smooth_fwdxrevy_upz_2
2.2
0.0 0.0 2.0 1.4142 -1.4142 0.0 
2.0 -2.0 4.0 0.0 0.0 2.0

11
smooth_fwdxrevy_downz_2
2.2
0.0 0.0 2.0 1.4142 -1.4142 0.0 
2.0 -2.0 0.0 0.0 0.0 -2.0

12
smooth_revxrevy_upz_2
2.2
0.0 0.0 2.0 -1.4142 -1.4142 0.0 
-2.0 -2.0 4.0 0.0 0.0 2.0

13
smooth_revxrevy_downz_2
2.2
0.0 0.0 2.0 -1.4142 -1.4142 0.0 
-2.0 -2.0 0.0 0.0 0.0 -2.0

14
smooth_revxfwdy_upz_2
2.2
0.0 0.0 2.0 -1.4142 1.4142 0.0 
-2.0 2.0 4.0 0.0 0.0 2.0

15
smooth_revxfwdy_downz_2
2.2
0.0 0.0 2.0 -1.4142 1.4142 0.0 
-2.0 2.0 0.0 0.0 0.0 -2.0
 
16
forward_smooth_straightx_right_2
1.8
0.0 0.0 2.0 2.0 0.0 0.0 
2.0 2.0 2.0 0.0 2.0 0.0

17
forward_smooth_straightx_left_2
1.8
0.0 0.0 2.0 2.0 0.0 0.0 
2.0 -2.0 2.0 0.0 -2.0 0.0

18
rev_smooth_straightx_right_2
1.8
0.0 0.0 2.0 -2.0 0.0 0.0 
-2.0 2.0 2.0 0.0 2.0 0.0

19
rev_smooth_straightx_left_2
1.8
0.0 0.0 2.0 -2.0 0.0 0.0 
-2.0 -2.0 2.0 0.0 -2.0 0.0

20
forward_smooth_straighty_right_2
1.8
0.0 0.0 2.0 0.0 2.0 0.0 
2.0 2.0 2.0 2.0 0.0 0.0

21
forward_smooth_straighty_left_2
1.8
0.0 0.0 2.0 0.0 2.0 0.0 
-2.0 2.0 2.0 -2.0 0.0 0.0

22
rev_smooth_straighty_right_2
1.8
0.0 0.0 2.0 0.0 -2.0 0.0 
2.0 -2.0 2.0 2.0 0.0 0.0

23
rev_smooth_straighty_left_2
1.8
0.0 0.0 2.0 0.0 -2.0 0.0 
-2.0 -2.0 2.0 -2.0 0.0 0.0

24
fwd_smooth_straightx_upz_2
2.2
0.0 0.0 2.0 2.0 0.0 0.0 
2.0 0.0 4.0 0.0 0.0 2.0

25
fwd_smooth_straightx_downz_2
2.0
0.0 0.0 2.0 2.0 0.0 0.0 
2.0 0.0 0.0 0.0 0.0 -2.0

26
rev_smooth_straightx_upz_2
2.2
0.0 0.0 2.0 -2.0 0.0 0.0 
-2.0 0.0 4.0 0.0 0.0 2.0

27
rev_smooth_straightx_downz_2
2.0
0.0 0.0 2.0 -2.0 0.0 0.0 
-2.0 0.0 0.0 0.0 0.0 -2.0

28
fwd_smooth_straighty_upz_2
2.2
0.0 0.0 2.0 0.0 2.0 0.0 
0.0 2.0 4.0 0.0 0.0 2.0

29
fwd_smooth_straighty_downz_2
2.0
0.0 0.0 2.0 0.0 2.0 0.0 
0.0 2.0 0.0 0.0 0.0 -2.0

30
rev_smooth_straighty_upz_2
2.2
0.0 0.0 2.0 0.0 -2.0 0.0 
0.0 -2.0 4.0 0.0 0.0 2.0

31
rev_smooth_straighty_downz_2
2.0
0.0 0.0 2.0 0.0 -2.0 0.0 
0.0 -2.0 0.0 0.0 0.0 -2.0
